0 94130 37.819423 -122.36966 448
1 94131 37.741797 -122.4378 2965
2 94132 37.724231 -122.47958 2147
3 94133 37.801878 -122.41018 5843
4 94134 37.719581 -122.41085 2328
5 94118 37.782029 -122.46158 6391
6 94112 37.720931 -122.44241 5379
7 94113 37.720931 -122.44241 5
8 94110 37.74873 -122.41545 11195
9 94111 37.798228 -122.40027 6123
10 94116 37.743381 -122.48578 3576
11 94117 37.770937 -122.44276 5897
12 94114 37.758434 -122.43512 5837
13 94115 37.786129 -122.43736 5538
14 94127 37.734964 -122.4597 2332
15 94124 37.732797 -122.39348 5390
16 94123 37.801028 -122.43836 5138
17 94122 37.75838 -122.48478 6237
18 94121 37.778729 -122.49265 4680
19 94129 37.79984 -122.46167 518
20 94109 37.792778 -122.42188 8636
21 94108 37.792678 -122.40793 5133
22 94143 37.76313 -122.458582 24
23 94103 37.772329 -122.41087 9724
24 94102 37.779329 -122.41915 7094
25 94105 37.789228 -122.3957 5562
26 94104 37.791728 -122.4019 5006
27 94107 37.766529 -122.39577 8439
